-3.009107965169189325e-01
1.628540604752715115e+00
-1.112552760926046047e-01
-4.361270505811727649e-02
-6.567663822725200440e-01
-9.646418738163803352e-01
-1.133089657022787300e+00
-6.055557193592626675e-01
1.114652448247507976e+00
1.021418815505824806e+00
1.306920529975709455e-01
1.399128427005497333e+00
-1.686749431681736855e+00
-3.505621699473313591e-01
8.262080331206913542e-01
-2.671686691396317204e-01
-1.038788916305224408e+00
-1.507729729285131270e+00
2.899726512625483421e-01
6.072494519874339636e-01
-3.818780319455662986e-01
4.681068804345062673e-01
8.030402222867576434e-01
-9.818563072303554407e-01
1.133652713733131062e-01
-3.505208816180793718e-01
-8.162751413770630293e-01
-1.203713885318595106e-01
-1.413673895774299194e-01
5.195522402931022909e-02
1.692726212931032093e+00
-7.141992797551421912e-01
-3.094588414410652244e-01
-1.023775794739878231e+00
