-6.307250379292868026e-01
-1.700672433085177682e+00
-9.351485030082001826e-01
-1.421570108780782160e+00
1.282500551090446805e+00
2.092081674823722093e+00
-3.021450338747288633e+00
1.601884862278340205e-01
5.094955939869402206e-01
1.192556018373152477e-02
7.032095675862984896e-01
-8.658317540673424739e-01
-6.949464263432890768e-03
1.075829021232780125e+00
2.018313234659291133e+00
1.837861687662087684e+00
-1.252726101160157368e+00
1.146035069862030964e+00
7.391361055814733572e-01
3.233192528443643576e-01
7.134358742555617638e-01
1.131248540827973326e+00
-1.056426995770260169e-01
6.767036158641868138e-01
-4.199627217466740947e-01
-6.781206935628443233e-01
-2.649345711878155485e-01
5.354329207755603032e-02
1.235302744680127685e+00
-6.780819282511063584e-01
1.171368090507734383e+00
3.308341487845302686e-01
2.441202391225253954e-01
8.681117099118200731e-01
