6.207295535171498679e-01
-2.227283563263969535e-01
2.755427660801652578e-01
-7.495170612524774123e-01
3.064803667697699185e-01
1.727049397851378121e+00
3.570595057348648904e-01
1.391593457127736189e+00
1.811675543873665362e-01
2.221537306504239029e-01
-1.458674844609384458e+00
-7.840878920753370229e-01
3.414373665221573373e-01
-3.117228827951789571e-01
5.213203577462414140e-01
-1.232105247456610542e+00
1.468762750148987495e+00
-3.477257983575900435e-01
-9.330134407758522430e-01
-1.641616725809171284e-01
-8.117796605153760892e-01
3.291517769694713991e-01
4.749166491028979781e-02
-8.638770396758360670e-02
8.341402638950171644e-01
8.081801485541003638e-01
-1.055989468866620928e+00
4.097561742017978743e-03
7.639076892429625953e-01
2.492987541724311640e-01
-1.799642964164865633e-01
-1.366087487168949677e+00
3.606661649932711433e-01
7.267972813236243945e-02
